---
build/images/work.jpg: 2021-03-01 09:05:32.263799530 -08:00
build/images/pic01.jpg: 2021-03-01 09:05:32.276417988 -08:00
build/images/intro.jpg: 2021-03-01 09:05:32.477530723 -08:00
build/images/pic02.jpg: 2021-03-01 09:05:32.275225817 -08:00
build/images/pic03.jpg: 2021-03-01 09:05:32.275275197 -08:00
build/images/overlay.png: 2021-03-01 09:05:29.250435005 -08:00
build/images/about.jpg: 2021-03-01 09:05:32.445268453 -08:00
build/images/bg.jpg: 2021-03-01 09:05:35.206432627 -08:00
